16
0 1 2 3 4 5 6 7 8 9 10 11 12 13 14 15
2
64
1 13
3 8
3 15
6 9
4 10
3 11
5 14
2 9
2 15
0 10
4 15
0 9
5 12
3 12
4 9
4 8
6 10
1 9
1 14
0 8
0 13
2 11
7 9
0 15
6 15
2 14
2 8
3 13
1 10
5 11
2 12
0 12
5 9
7 14
4 14
3 10
7 11
5 15
6 11
0 14
1 8
1 11
7 12
6 8
3 14
1 15
7 8
6 13
7 15
6 14
4 13
7 13
5 10
7 10
6 12
0 11
5 8
1 12
4 11
3 9
5 13
4 12
2 13
2 10
64
0 12
5 9
7 14
5 11
2 14
4 14
6 13
6 8
3 11
4 10
7 9
4 8
7 12
1 9
3 12
6 10
0 9
5 12
4 9
4 15
3 13
2 13
2 9
0 10
1 10
4 11
4 12
0 13
5 8
2 11
0 8
1 14
5 10
3 15
2 10
5 13
1 13
3 9
5 14
2 15
6 9
0 11
3 8
7 10
7 15
4 13
6 12
7 8
1 15
7 13
6 14
3 14
6 15
2 8
1 12
0 15
1 11
0 14
1 8
7 11
6 11
2 12
3 10
5 15

16
