18
0 1 2 3 4 5 6 7 8 9 10 11 12 13 14 15 16 17
2
81
1 14
0 17
3 9
1 17
4 17
7 17
3 16
6 10
4 11
3 12
5 15
2 10
2 16
0 11
4 16
6 17
0 10
5 13
3 13
3 17
8 17
4 10
4 9
6 11
1 10
1 15
0 9
0 14
2 12
7 10
0 16
6 16
2 15
2 9
3 14
1 11
8 14
5 12
2 13
0 13
5 10
7 15
4 15
3 11
7 12
5 16
8 12
6 12
0 15
1 9
1 12
7 13
6 9
3 15
2 17
8 16
1 16
7 9
6 14
8 9
7 16
6 15
8 13
4 14
7 14
5 11
7 11
6 13
8 11
8 15
0 12
5 9
1 13
5 17
4 12
3 10
5 14
8 10
4 13
2 14
2 11
81
0 13
5 10
7 15
5 12
2 15
4 15
6 14
6 9
3 12
4 11
7 10
4 9
7 13
8 17
1 10
3 13
6 11
0 10
5 13
4 10
4 16
3 14
2 14
3 17
6 17
2 10
0 11
8 14
1 11
4 12
4 13
0 14
5 17
7 17
5 9
2 12
0 9
1 15
3 16
5 11
8 15
2 11
0 17
5 14
1 14
3 10
5 15
8 16
2 16
4 17
2 17
1 17
6 10
0 12
3 9
7 11
7 16
8 11
4 14
6 13
7 9
8 9
1 16
7 14
8 13
3 15
6 15
8 10
6 16
2 9
1 13
0 16
1 12
0 15
1 9
7 12
6 12
8 12
2 13
3 11
5 16

18
